
[1, 13, 14, 19, 20, 23, 29, 31, 32, 34, 2, 3, 4, 7, 11, 12, 21, 22, 24, 25, 26, 27, 28, 30, 33]
[27]
[21]
[1, 23, 3, 2, 27, 33]
[11, 26, 4]
[11, 24, 7]
[3]
[4, 26]
[24]
[14, 19, 25]
[13, 11, 24, 26, 27, 7, 2, 3]
[4]
[23, 20, 19, 11, 7, 4]
[1, 13, 14, 19, 20, 23, 29, 31, 32, 34, 2, 3, 4, 7, 11, 12, 21, 22, 24, 25, 26, 27, 28, 30, 33]
[2]
[13, 4]
[34]
[29]
[2]
[29, 30]
[4, 3, 2, 1]
[4, 3, 2, 1]
[1]
[3, 2]
[3, 2, 1]
[4]
[4, 3, 2, 1]
[4, 3, 2, 1]
[3, 2, 1]
[72, 71, 70, 69, 68, 67, 66, 65, 62, 61, 60, 59, 56, 4, 2]
[56]
[71, 70, 69, 62, 61]
[72, 71, 70, 69, 68, 67, 66, 65, 56, 4, 2]
[72, 71, 70, 69, 68, 67, 66, 65, 62, 61, 60, 59, 56, 4, 2]
[]
[8, 7, 5, 4, 2, 1]
[8, 7, 5, 4, 1]
[1]
[7]
[8]
[4]
[134, 133, 132, 131, 130, 129, 128, 127, 126, 125, 124, 123, 122, 121, 120, 119, 118, 117, 116, 115, 114, 113, 112, 111, 110, 109, 108, 107, 106, 105, 104, 103, 102, 101, 100, 99, 98, 97, 96, 95, 94, 93, 92, 91, 90, 89, 88, 87, 86, 85, 84, 83, 82, 81, 80, 79, 78, 77, 76, 75, 74, 73, 72, 71, 70, 69, 68, 67, 66, 65, 64, 63, 62, 61, 60, 59, 58, 57, 56, 55, 54, 53, 52, 51, 50, 49, 48, 47, 46, 45, 44, 43, 42, 41, 40, 39, 38, 37, 36, 35, 34, 33, 32, 31, 30, 29, 28, 27, 26, 25, 24, 23, 22, 21, 20, 19, 18, 17, 16, 15, 14, 13, 12, 11, 10, 9, 8, 7, 6, 5, 4, 3, 2, 1]
[124, 120, 111, 110, 85, 84, 82, 75, 74, 71, 68, 67, 66, 65, 58, 57, 56, 55, 53, 51, 47, 45, 44, 41, 39, 37, 36, 35, 32, 30, 19, 18, 17, 15, 14, 13, 12, 8, 7, 6, 5, 4]
[134, 53, 52, 48, 47, 46, 45, 44, 43, 42, 41, 40, 39, 38, 37, 36, 35, 34, 22, 21, 20, 19, 18, 17, 16, 15, 14, 13, 12, 11, 10, 9, 8, 6, 4, 3, 2, 1]
[123, 122, 121, 119, 118, 117, 115, 114, 113, 112, 90, 89, 81, 78, 77, 73, 69, 58, 57, 56, 54, 50, 49, 44, 43, 42, 34, 33, 26, 19, 16, 15, 14, 11, 10, 9, 8, 7, 6, 5, 4]
[134, 133, 129, 125, 121, 117, 113, 111, 109, 89, 87, 80, 77, 76, 75, 68, 67, 65, 53, 38, 37, 36, 29, 26, 19, 12, 9, 1]
[134, 133, 132, 131, 130, 129, 128, 127, 126, 125, 109, 108, 95, 94, 93, 92, 91, 90, 89, 88, 87, 86, 83, 82, 81, 80, 79, 78, 77, 76, 73, 72, 71, 70, 66, 64, 63, 62, 61, 60, 59, 55, 48, 46, 45, 43, 42, 37, 32, 15, 14]
[134, 128, 124, 120, 111, 110, 107, 106, 105, 104, 100, 90, 88, 87, 86, 85, 84, 83, 82, 79, 76, 75, 74, 72, 71, 70, 69, 68, 67, 66, 65, 64, 63, 62, 61, 60, 59, 58, 57, 56, 53, 52, 51, 47, 46, 41, 40, 39, 36, 35, 30, 26, 24, 21, 20, 18, 17, 8, 7, 6, 5, 4, 3, 2]
[133, 132, 131, 130, 129, 127, 126, 125, 123, 122, 121, 119, 118, 117, 116, 115, 114, 113, 112, 109, 108, 103, 102, 101, 99, 98, 97, 96, 95, 94, 93, 92, 91, 89, 81, 80, 73, 54, 50, 49, 44, 43, 42, 34, 33, 31, 29, 28, 27, 25, 23, 22, 19, 16, 15, 14, 11, 10, 9, 1]
[82, 79, 65, 51, 47, 46, 43, 42, 41, 39, 31, 29, 28, 27, 25, 18, 17, 16, 15, 14]
[134, 133, 132, 131, 130, 129, 128, 127, 126, 125, 124, 123, 122, 121, 120, 119, 118, 117, 116, 115, 114, 113, 112, 111, 110, 109, 108, 107, 106, 105, 104, 103, 102, 101, 100, 99, 98, 97, 96, 95, 94, 93, 92, 91, 90, 89, 88, 87, 86, 85, 84, 83, 82, 81, 80, 79, 78, 77, 76, 75, 74, 73, 72, 71, 70, 69, 68, 67, 66, 65, 64, 63, 62, 61, 60, 59, 58, 57, 56, 55, 54, 53, 52, 51, 50, 49, 48, 47, 46, 45, 44, 43, 42, 41, 40, 39, 38, 37, 36, 35, 34, 33, 32, 31, 30, 29, 28, 27, 26, 25, 24, 23, 22, 21, 20, 19, 18, 17, 16, 15, 14, 13, 12, 11, 10, 9, 8, 7, 6, 5, 4, 3, 2]
[35, 25, 14, 12, 10, 9, 6, 4, 3, 2, 1]
[1, 13, 14, 19, 20, 23, 29, 31, 32, 34, 2, 3, 4, 7, 11, 12, 21, 22, 24, 25, 26, 27, 28, 30, 33]
[1]
[12]
[11, 7, 24, 4]
[1, 14, 33, 25, 7, 2]
[23, 27, 3]
[4]
[22, 33, 30, 28, 27, 2, 21, 3]
[4]
[14, 19, 25]
[13, 25, 26]
[23, 25]
[23, 26, 25, 7]
[1, 13, 14, 19, 20, 23, 29, 31, 32, 34, 2, 3, 4, 7, 11, 12, 21, 22, 24, 25, 26, 27, 28, 30, 33]
[7]
[13, 4]
[13]
[29, 30]
[14, 4]
[11, 30]
[4, 3, 2, 1]
[4, 3, 2, 1]
[3]
[3, 2]
[1]
[4]
[4, 3, 2, 1]
[4, 1]
[4]
[72, 71, 70, 69, 68, 67, 66, 65, 62, 61, 60, 59, 56, 4, 2]
[67]
[68, 67, 66, 65]
[72, 71, 70, 69, 68, 67, 66, 65, 56, 4, 2]
[72, 71, 70, 69, 68, 67, 66, 65, 62, 61, 60, 59, 56, 4, 2]
[]
[8, 7, 5, 4, 2, 1]
[8, 7, 5, 4, 1]
[1]
[1]
[2, 1]
[4]
[134, 133, 132, 131, 130, 129, 128, 127, 126, 125, 124, 123, 122, 121, 120, 119, 118, 117, 116, 115, 114, 113, 112, 111, 110, 109, 108, 107, 106, 105, 104, 103, 102, 101, 100, 99, 98, 97, 96, 95, 94, 93, 92, 91, 90, 89, 88, 87, 86, 85, 84, 83, 82, 81, 80, 79, 78, 77, 76, 75, 74, 73, 72, 71, 70, 69, 68, 67, 66, 65, 64, 63, 62, 61, 60, 59, 58, 57, 56, 55, 54, 53, 52, 51, 50, 49, 48, 47, 46, 45, 44, 43, 42, 41, 40, 39, 38, 37, 36, 35, 34, 33, 32, 31, 30, 29, 28, 27, 26, 25, 24, 23, 22, 21, 20, 19, 18, 17, 16, 15, 14, 13, 12, 11, 10, 9, 8, 7, 6, 5, 4, 3, 2, 1]
[134, 132, 131, 130, 129, 128, 116, 115, 114, 113, 109, 86, 83, 77, 76, 73, 72, 70, 69, 64, 48, 46, 43, 42, 40, 31, 29, 28, 27, 25, 24, 23, 22, 21, 20, 11, 10, 9]
[133, 132, 131, 130, 129, 128, 127, 126, 125, 124, 123, 122, 121, 120, 119, 118, 117, 116, 115, 114, 113, 112, 111, 110, 109, 108, 107, 106, 105, 104, 103, 102, 101, 100, 99, 98, 97, 96, 95, 94, 93, 92, 91, 90, 89, 88, 87, 86, 85, 84, 83, 82, 81, 80, 79, 78, 77, 76, 75, 74, 73, 72, 71, 70, 69, 68, 67, 66, 65, 64, 63, 62, 61, 60, 59, 58]
[134, 128, 124, 120, 111, 110, 107, 106, 105, 104, 100, 85, 84, 83, 79, 76, 75, 74, 72, 64, 59, 56, 53, 51, 47, 41, 40, 39, 36, 35, 30, 26, 24, 23, 22, 21, 18, 17, 16, 11, 10, 9, 8, 7, 6, 5, 4]
[59, 52, 34, 31, 22, 16]
[124, 123, 122, 121, 53, 51, 44, 41, 30, 28, 27, 26, 25]
[134, 128, 124, 120, 111, 110, 107, 106, 105, 104, 100, 90, 88, 87, 86, 85, 84, 83, 82, 79, 76, 75, 74, 72, 71, 70, 69, 68, 67, 66, 65, 64, 63, 62, 61, 60, 59, 58, 57, 56, 53, 52, 51, 47, 46, 41, 40, 39, 36, 35, 30, 26, 24, 21, 20, 18, 17, 8, 7, 6, 5, 4, 3, 2]
[133, 132, 131, 130, 129, 127, 126, 125, 123, 122, 121, 119, 118, 117, 116, 115, 114, 113, 112, 109, 108, 103, 102, 101, 99, 98, 97, 96, 95, 94, 93, 92, 91, 89, 81, 80, 73, 54, 50, 49, 44, 43, 42, 34, 33, 31, 29, 28, 27, 25, 23, 22, 19, 16, 15, 14, 11, 10, 9, 1]
[132, 128, 124, 123, 122, 121, 120, 116, 112, 111, 109, 107, 106, 100, 99, 92, 91, 86, 85, 84, 83, 78, 77, 76, 75, 74, 73, 72, 71, 69, 68, 67, 66, 63, 62, 52, 44, 36, 35, 34, 33, 26, 11, 10, 9, 5, 4, 1]
[134, 133, 132, 131, 130, 129, 128, 127, 126, 125, 124, 123, 122, 121, 120, 119, 118, 117, 116, 115, 114, 113, 112, 111, 110, 109, 108, 107, 106, 105, 104, 103, 102, 101, 100, 99, 98, 97, 96, 95, 94, 93, 92, 91, 90, 89, 88, 87, 86, 85, 84, 83, 82, 81, 80, 79, 78, 77, 76, 75, 74, 73, 72, 71, 70, 69, 68, 67, 66, 65, 64, 63, 62, 61, 60, 59, 58, 57, 56, 55, 54, 53, 52, 51, 50, 49, 48, 47, 46, 45, 44, 43, 42, 41, 40, 39, 38, 37, 36, 34, 33, 32, 31, 30, 29, 28, 27, 26, 24, 23, 22, 21, 20, 19, 18, 17, 16, 15, 13, 11, 8, 7, 5]
[132, 131, 130, 129, 128, 127, 126, 125, 124, 123, 122, 121, 120, 119, 118, 117, 116, 115, 114, 113, 112, 111, 110, 109, 108, 107, 106, 105, 104, 103, 102, 101, 100, 99, 98, 97, 95, 94, 93, 92, 91, 90, 89, 88, 87, 86, 85, 84, 83, 82, 81, 80, 79, 77, 76, 75, 74, 73, 72, 71, 70, 69, 68, 67, 66, 64, 63, 62, 61, 60, 59, 58, 57, 56, 55, 54, 53, 52, 51, 50, 49, 48, 47, 45, 44, 43, 42, 41, 40, 39, 38, 37, 36, 35, 34, 33, 32, 31, 30, 29, 28, 27, 26, 25, 24, 23, 22, 21, 20, 19, 18, 17, 16, 15, 14, 13, 12, 11, 10, 9, 8, 7, 6, 5, 4, 3, 2, 1]
[1, 13, 14, 19, 20, 23, 29, 31, 32, 34, 2, 3, 4, 7, 11, 12, 21, 22, 24, 25, 26, 27, 28, 30, 33]
[24]
[22]
[1, 23, 3, 2, 27, 33]
[23, 27, 3]
[1, 33, 26, 4, 2]
[7]
[29, 23, 31, 32, 34, 19, 1, 13, 14, 20]
[4]
[14, 19, 25]
[13, 25, 26]
[24]
[20, 23, 7, 25, 24]
[1, 13, 14, 19, 20, 23, 29, 31, 32, 34, 2, 3, 4, 7, 11, 12, 21, 22, 24, 25, 26, 27, 28, 30, 33]
[3]
[34, 2, 4]
[4]
[3]
[29, 11, 22]
[29]
[4, 3, 2, 1]
[4, 3, 2, 1]
[3]
[3, 2]
[3, 2, 1]
[2, 1]
[4, 3, 2, 1]
[4, 3, 2, 1]
[1]
[72, 71, 70, 69, 68, 67, 66, 65, 62, 61, 60, 59, 56, 4, 2]
[65]
[71, 70, 69, 62, 61]
[72, 71, 70, 69, 68, 67, 66, 65, 56, 4, 2]
[72, 71, 70, 69, 68, 67, 66, 65, 62, 61, 60, 59, 56, 4, 2]
[]
[8, 7, 5, 4, 2, 1]
[8, 7, 5, 4, 1]
[8]
[7]
[8]
[2]
[134, 133, 132, 131, 130, 129, 128, 127, 126, 125, 124, 123, 122, 121, 120, 119, 118, 117, 116, 115, 114, 113, 112, 111, 110, 109, 108, 107, 106, 105, 104, 103, 102, 101, 100, 99, 98, 97, 96, 95, 94, 93, 92, 91, 90, 89, 88, 87, 86, 85, 84, 83, 82, 81, 80, 79, 78, 77, 76, 75, 74, 73, 72, 71, 70, 69, 68, 67, 66, 65, 64, 63, 62, 61, 60, 59, 58, 57, 56, 55, 54, 53, 52, 51, 50, 49, 48, 47, 46, 45, 44, 43, 42, 41, 40, 39, 38, 37, 36, 35, 34, 33, 32, 31, 30, 29, 28, 27, 26, 25, 24, 23, 22, 21, 20, 19, 18, 17, 16, 15, 14, 13, 12, 11, 10, 9, 8, 7, 6, 5, 4, 3, 2, 1]
[134, 132, 131, 130, 129, 128, 116, 115, 114, 113, 109, 86, 83, 77, 76, 73, 72, 70, 69, 64, 48, 46, 43, 42, 40, 31, 29, 28, 27, 25, 24, 23, 22, 21, 20, 11, 10, 9]
[133, 132, 131, 130, 129, 128, 127, 126, 125, 124, 123, 122, 121, 120, 119, 118, 117, 116, 115, 114, 113, 112, 111, 110, 109, 108, 107, 106, 105, 104, 103, 102, 101, 100, 99, 98, 97, 96, 95, 94, 93, 92, 91, 90, 89, 88, 87, 86, 85, 84, 83, 82, 81, 80, 79, 78, 77, 76, 75, 74, 73, 72, 71, 70, 69, 68, 67, 66, 65, 64, 63, 62, 61, 60, 59, 58]
[123, 122, 121, 119, 118, 117, 115, 114, 113, 112, 90, 89, 81, 78, 77, 73, 69, 58, 57, 56, 54, 50, 49, 44, 43, 42, 34, 33, 26, 19, 16, 15, 14, 11, 10, 9, 8, 7, 6, 5, 4]
[134, 133, 129, 125, 121, 117, 113, 111, 109, 89, 87, 80, 77, 76, 75, 68, 67, 65, 53, 38, 37, 36, 29, 26, 19, 12, 9, 1]
[107, 106, 100, 99, 98, 97, 96, 75, 74, 67, 65, 52, 47, 36, 5, 4, 3, 2, 1]
[77]
[90, 72, 68]
[82, 79, 65, 51, 47, 46, 43, 42, 41, 39, 31, 29, 28, 27, 25, 18, 17, 16, 15, 14]
[134, 133, 132, 131, 129, 128, 127, 125, 124, 123, 122, 121, 120, 119, 118, 117, 115, 114, 112, 111, 110, 109, 108, 107, 106, 105, 104, 103, 102, 101, 100, 99, 98, 97, 96, 94, 93, 92, 91, 90, 89, 88, 87, 86, 85, 84, 83, 82, 81, 80, 79, 78, 77, 76, 73, 72, 71, 70, 68, 67, 65, 64, 63, 62, 61, 60, 59, 46]
[132, 131, 130, 129, 128, 127, 126, 125, 124, 123, 122, 121, 120, 119, 118, 117, 116, 115, 114, 113, 112, 111, 110, 109, 108, 107, 106, 105, 104, 103, 102, 101, 100, 99, 98, 97, 95, 94, 93, 92, 91, 90, 89, 88, 87, 86, 85, 84, 83, 82, 81, 80, 79, 77, 76, 75, 74, 73, 72, 71, 70, 69, 68, 67, 66, 64, 63, 62, 61, 60, 59, 58, 57, 56, 55, 54, 53, 52, 51, 50, 49, 48, 47, 45, 44, 43, 42, 41, 40, 39, 38, 37, 36, 35, 34, 33, 32, 31, 30, 29, 28, 27, 26, 25, 24, 23, 22, 21, 20, 19, 18, 17, 16, 15, 14, 13, 12, 11, 10, 9, 8, 7, 6, 5, 4, 3, 2, 1]
[1, 13, 14, 19, 20, 23, 29, 31, 32, 34, 2, 3, 4, 7, 11, 12, 21, 22, 24, 25, 26, 27, 28, 30, 33]
[32]
[14]
[1, 23, 3, 2, 27, 33]
[1, 14, 33, 25, 7, 2]
[1, 33, 26, 4, 2]
[2]
[29, 23, 31, 32, 34, 19, 1, 13, 14, 20]
[32, 13, 11, 7]
[14, 19, 25]
[13, 11, 24, 26, 27, 7, 2, 3]
[27]
[23, 20, 19, 7, 24, 11]
[1, 13, 14, 19, 20, 23, 29, 31, 32, 34, 2, 3, 4, 7, 11, 12, 21, 22, 24, 25, 26, 27, 28, 30, 33]
[11]
[13, 4]
[34]
[11, 30]
[29, 11, 22]
[14, 4]
[4, 3, 2, 1]
[4, 3, 2, 1]
[1]
[4]
[1]
[2, 1]
[4, 3, 2, 1]
[4, 3, 2, 1]
[4, 1]
[72, 71, 70, 69, 68, 67, 66, 65, 62, 61, 60, 59, 56, 4, 2]
[61]
[68, 67, 66, 65]
[72, 71, 70, 69, 68, 67, 66, 65, 56, 4, 2]
[72, 71, 70, 69, 68, 67, 66, 65, 62, 61, 60, 59, 56, 4, 2]
[]
[8, 7, 5, 4, 2, 1]
[8, 7, 5, 4, 1]
[4]
[2]
[2]
[4]
[134, 133, 132, 131, 130, 129, 128, 127, 126, 125, 124, 123, 122, 121, 120, 119, 118, 117, 116, 115, 114, 113, 112, 111, 110, 109, 108, 107, 106, 105, 104, 103, 102, 101, 100, 99, 98, 97, 96, 95, 94, 93, 92, 91, 90, 89, 88, 87, 86, 85, 84, 83, 82, 81, 80, 79, 78, 77, 76, 75, 74, 73, 72, 71, 70, 69, 68, 67, 66, 65, 64, 63, 62, 61, 60, 59, 58, 57, 56, 55, 54, 53, 52, 51, 50, 49, 48, 47, 46, 45, 44, 43, 42, 41, 40, 39, 38, 37, 36, 35, 34, 33, 32, 31, 30, 29, 28, 27, 26, 25, 24, 23, 22, 21, 20, 19, 18, 17, 16, 15, 14, 13, 12, 11, 10, 9, 8, 7, 6, 5, 4, 3, 2, 1]
[134, 132, 131, 130, 129, 128, 116, 115, 114, 113, 109, 86, 83, 77, 76, 73, 72, 70, 69, 64, 48, 46, 43, 42, 40, 31, 29, 28, 27, 25, 24, 23, 22, 21, 20, 11, 10, 9]
[133, 132, 131, 130, 129, 128, 127, 126, 125, 124, 123, 122, 121, 120, 119, 118, 117, 116, 115, 114, 113, 112, 111, 110, 109, 108, 107, 106, 105, 104, 103, 102, 101, 100, 99, 98, 97, 96, 95, 94, 93, 92, 91, 90, 89, 88, 87, 86, 85, 84, 83, 82, 81, 80, 79, 78, 77, 76, 75, 74, 73, 72, 71, 70, 69, 68, 67, 66, 65, 64, 63, 62, 61, 60, 59, 58]
[128, 127, 126, 125, 124, 120, 116, 111, 110, 109, 108, 95, 94, 93, 92, 91, 88, 87, 85, 84, 83, 79, 77, 76, 75, 74, 72, 71, 70, 67, 66, 65, 64, 63, 62, 61, 60, 59, 35, 31, 30, 29, 28, 27, 18, 17, 16, 15, 14, 11, 10, 9, 5, 4, 1]
[130, 126, 122, 118, 114, 106, 104, 101, 98, 94, 92, 91, 85, 72, 66, 62, 48, 47, 42, 40, 32, 28, 27, 20, 18, 17, 14, 10, 7, 6, 5, 4, 3, 2]
[120, 119, 118, 117, 54, 50, 49, 35, 34, 33, 31, 29, 18, 17, 16]
[134, 128, 124, 120, 111, 110, 107, 106, 105, 104, 100, 90, 88, 87, 86, 85, 84, 83, 82, 79, 76, 75, 74, 72, 71, 70, 69, 68, 67, 66, 65, 64, 63, 62, 61, 60, 59, 58, 57, 56, 53, 52, 51, 47, 46, 41, 40, 39, 36, 35, 30, 26, 24, 21, 20, 18, 17, 8, 7, 6, 5, 4, 3, 2]
[133, 132, 131, 130, 129, 127, 126, 125, 123, 122, 121, 119, 118, 117, 116, 115, 114, 113, 112, 109, 108, 103, 102, 101, 99, 98, 97, 96, 95, 94, 93, 92, 91, 89, 81, 80, 73, 54, 50, 49, 44, 43, 42, 34, 33, 31, 29, 28, 27, 25, 23, 22, 19, 16, 15, 14, 11, 10, 9, 1]
[132, 128, 124, 123, 122, 121, 120, 116, 112, 111, 109, 107, 106, 100, 99, 92, 91, 86, 85, 84, 83, 78, 77, 76, 75, 74, 73, 72, 71, 69, 68, 67, 66, 63, 62, 52, 44, 36, 35, 34, 33, 26, 11, 10, 9, 5, 4, 1]
[134, 133, 132, 131, 130, 129, 128, 127, 126, 125, 124, 123, 122, 121, 120, 119, 118, 117, 116, 115, 114, 113, 112, 111, 110, 109, 108, 107, 106, 105, 104, 103, 102, 101, 100, 99, 98, 97, 96, 95, 94, 93, 92, 91, 90, 89, 88, 87, 86, 85, 84, 83, 82, 81, 80, 79, 78, 77, 76, 75, 74, 73, 72, 71, 70, 69, 68, 67, 66, 65, 64, 63, 62, 61, 60, 59, 58, 57, 56, 55, 54, 53, 52, 51, 50, 49, 46, 15]
[132, 131, 130, 129, 128, 127, 126, 125, 124, 123, 122, 121, 120, 119, 118, 117, 116, 115, 114, 113, 112, 111, 110, 109, 108, 107, 106, 105, 104, 103, 102, 101, 100, 99, 98, 97, 95, 94, 93, 92, 91, 90, 89, 88, 87, 86, 85, 84, 83, 82, 81, 80, 79, 77, 76, 75, 74, 73, 72, 71, 70, 69, 68, 67, 66, 64, 63, 62, 61, 60, 59, 58, 57, 56, 55, 54, 53, 52, 51, 50, 49, 48, 47, 45, 44, 43, 42, 41, 40, 39, 38, 37, 36, 35, 34, 33, 32, 31, 30, 29, 28, 27, 26, 25, 24, 23, 22, 21, 20, 19, 18, 17, 16, 15, 14, 13, 12, 11, 10, 9, 8, 7, 6, 5, 4, 3, 2, 1]
[1, 13, 14, 19, 20, 23, 29, 31, 32, 34, 2, 3, 4, 7, 11, 12, 21, 22, 24, 25, 26, 27, 28, 30, 33]
[22]
[21]
[11, 7, 24, 4]
[1, 14, 33, 25, 7, 2]
[23, 27, 3]
[7]
[29, 23, 31, 32, 34, 19, 1, 13, 14, 20]
[13, 11, 7]
[23, 22, 27]
[1, 13, 25, 26, 7, 4]
[23, 24, 2]
[23, 20, 19, 7, 24, 11]
[1, 13, 14, 19, 20, 23, 29, 31, 32, 34, 2, 3, 4, 7, 11, 12, 21, 22, 24, 25, 26, 27, 28, 30, 33]
[11]
[1, 13, 14, 19, 20, 23, 29, 31, 32, 34, 2, 3, 4, 7, 11, 12, 21, 22, 24, 25, 26, 27, 28, 30, 33]
[22]
[25]
[11, 7, 24, 4]
[23, 27, 3]
[23, 27, 3]
[7]
[22, 33, 30, 28, 27, 2, 21, 3]
[32, 13, 11, 7]
[23, 22, 27]
[1, 13, 25, 26, 7, 4]
[4]
[23, 20, 19, 7, 24, 11]
[1, 13, 14, 19, 20, 23, 29, 31, 32, 34, 2, 3, 4, 7, 11, 12, 21, 22, 24, 25, 26, 27, 28, 30, 33]
[7]
[34, 2, 4]
[34]
[14, 4]
[1, 13, 14, 19, 20, 23, 29, 31, 32, 34, 2, 3, 4, 7, 11, 12, 21, 22, 24, 25, 26, 27, 28, 30, 33]
[29, 30]
[4, 3, 2, 1]
[4, 3, 2, 1]
[1]
[1]
[4, 1]
[4]
[4, 3, 2, 1]
[4, 3, 2, 1]
[1]
[72, 71, 70, 69, 68, 67, 66, 65, 62, 61, 60, 59, 56, 4, 2]
[70]
[59, 56, 4, 2]
[72, 71, 70, 69, 68, 67, 66, 65, 56, 4, 2]
[72, 71, 70, 69, 68, 67, 66, 65, 62, 61, 60, 59, 56, 4, 2]
[]
[8, 7, 5, 4, 2, 1]
[8, 7, 5, 4, 1]
[7]
[1]
[4]
[2]
[134, 133, 132, 131, 130, 129, 128, 127, 126, 125, 124, 123, 122, 121, 120, 119, 118, 117, 116, 115, 114, 113, 112, 111, 110, 109, 108, 107, 106, 105, 104, 103, 102, 101, 100, 99, 98, 97, 96, 95, 94, 93, 92, 91, 90, 89, 88, 87, 86, 85, 84, 83, 82, 81, 80, 79, 78, 77, 76, 75, 74, 73, 72, 71, 70, 69, 68, 67, 66, 65, 64, 63, 62, 61, 60, 59, 58, 57, 56, 55, 54, 53, 52, 51, 50, 49, 48, 47, 46, 45, 44, 43, 42, 41, 40, 39, 38, 37, 36, 35, 34, 33, 32, 31, 30, 29, 28, 27, 26, 25, 24, 23, 22, 21, 20, 19, 18, 17, 16, 15, 14, 13, 12, 11, 10, 9, 8, 7, 6, 5, 4, 3, 2, 1]
[134, 132, 131, 130, 129, 128, 116, 115, 114, 113, 109, 86, 83, 77, 76, 73, 72, 70, 69, 64, 48, 46, 43, 42, 40, 31, 29, 28, 27, 25, 24, 23, 22, 21, 20, 11, 10, 9]
[133, 132, 131, 130, 129, 128, 127, 126, 125, 124, 123, 122, 121, 120, 119, 118, 117, 116, 115, 114, 113, 112, 111, 110, 109, 108, 107, 106, 105, 104, 103, 102, 101, 100, 99, 98, 97, 96, 95, 94, 93, 92, 91, 90, 89, 88, 87, 86, 85, 84, 83, 82, 81, 80, 79, 78, 77, 76, 75, 74, 73, 72, 71, 70, 69, 68, 67, 66, 65, 64, 63, 62, 61, 60, 59, 58]
[128, 127, 126, 125, 124, 120, 116, 111, 110, 109, 108, 95, 94, 93, 92, 91, 88, 87, 85, 84, 83, 79, 77, 76, 75, 74, 72, 71, 70, 67, 66, 65, 64, 63, 62, 61, 60, 59, 35, 31, 30, 29, 28, 27, 18, 17, 16, 15, 14, 11, 10, 9, 5, 4, 1]
[130, 126, 122, 118, 114, 106, 104, 101, 98, 94, 92, 91, 85, 72, 66, 62, 48, 47, 42, 40, 32, 28, 27, 20, 18, 17, 14, 10, 7, 6, 5, 4, 3, 2]
[116, 115, 114, 113, 69, 38, 13, 12, 11, 10, 9]
[133, 132, 131, 130, 129, 127, 126, 125, 123, 122, 121, 119, 118, 117, 116, 115, 114, 113, 112, 109, 108, 103, 102, 101, 99, 98, 97, 96, 95, 94, 93, 92, 91]
[133, 132, 131, 130, 129, 127, 126, 125, 123, 122, 121, 119, 118, 117, 116, 115, 114, 113, 112, 109, 108, 103, 102, 101, 99, 98, 97, 96, 95, 94, 93, 92, 91, 89, 81, 80, 73, 54, 50, 49, 44, 43, 42, 34, 33, 31, 29, 28, 27, 25, 23, 22, 19, 16, 15, 14, 11, 10, 9, 1]
[132, 128, 124, 123, 122, 121, 120, 116, 112, 111, 109, 107, 106, 100, 99, 92, 91, 86, 85, 84, 83, 78, 77, 76, 75, 74, 73, 72, 71, 69, 68, 67, 66, 63, 62, 52, 44, 36, 35, 34, 33, 26, 11, 10, 9, 5, 4, 1]
[134, 133, 132, 131, 130, 129, 128, 127, 126, 125, 124, 123, 122, 121, 120, 119, 118, 117, 116, 115, 114, 113, 112, 111, 110, 109, 108, 107, 106, 105, 104, 103, 102, 101, 100, 99, 98, 97, 96, 95, 94, 93, 92, 91, 90, 89, 88, 87, 86, 85, 84, 83, 82, 81, 80, 79, 78, 77, 76, 75, 74, 73, 72, 71, 70, 69, 68, 67, 66, 65, 64, 63, 62, 61, 60, 59, 58, 57, 46]
[132, 131, 130, 129, 128, 127, 126, 125, 124, 123, 122, 121, 120, 119, 118, 117, 116, 115, 114, 113, 112, 111, 110, 109, 108, 107, 106, 105, 104, 103, 102, 101, 100, 99, 98, 97, 95, 94, 93, 92, 91, 90, 89, 88, 87, 86, 85, 84, 83, 82, 81, 80, 79, 77, 76, 75, 74, 73, 72, 71, 70, 69, 68, 67, 66, 64, 63, 62, 61, 60, 59, 58, 57, 56, 55, 54, 53, 52, 51, 50, 49, 48, 47, 45, 44, 43, 42, 41, 40, 39, 38, 37, 36, 35, 34, 33, 32, 31, 30, 29, 28, 27, 26, 25, 24, 23, 22, 21, 20, 19, 18, 17, 16, 15, 14, 13, 12, 11, 10, 9, 8, 7, 6, 5, 4, 3, 2, 1]
[1, 13, 14, 19, 20, 23, 29, 31, 32, 34, 2, 3, 4, 7, 11, 12, 21, 22, 24, 25, 26, 27, 28, 30, 33]
[29]
[26]
[1, 23, 3, 2, 27, 33]
[24]
[23, 27, 3]
[4]
[4, 26]
[2]
[23, 22, 27]
[1, 13, 25, 26, 7, 4]
[3, 24]
[23, 20, 19, 11, 7, 4]
[1, 13, 14, 19, 20, 23, 29, 31, 32, 34, 2, 3, 4, 7, 11, 12, 21, 22, 24, 25, 26, 27, 28, 30, 33]
[2]
[34, 2, 4]
[34]
[29, 30]
[3]
[24]
[4, 3, 2, 1]
[4, 3, 2, 1]
[1]
[3, 2]
[1]
[3]
[4, 3, 2, 1]
[4, 3, 2, 1]
[3, 2, 1]
[72, 71, 70, 69, 68, 67, 66, 65, 62, 61, 60, 59, 56, 4, 2]
[72]
[68, 67, 66, 65]
[72, 71, 70, 69, 68, 67, 66, 65, 56, 4, 2]
[72, 71, 70, 69, 68, 67, 66, 65, 62, 61, 60, 59, 56, 4, 2]
[]
[8, 7, 5, 4, 2, 1]
[8, 7, 5, 4, 1]
[1]
[8]
[7]
[2]
[134, 133, 132, 131, 130, 129, 128, 127, 126, 125, 124, 123, 122, 121, 120, 119, 118, 117, 116, 115, 114, 113, 112, 111, 110, 109, 108, 107, 106, 105, 104, 103, 102, 101, 100, 99, 98, 97, 96, 95, 94, 93, 92, 91, 90, 89, 88, 87, 86, 85, 84, 83, 82, 81, 80, 79, 78, 77, 76, 75, 74, 73, 72, 71, 70, 69, 68, 67, 66, 65, 64, 63, 62, 61, 60, 59, 58, 57, 56, 55, 54, 53, 52, 51, 50, 49, 48, 47, 46, 45, 44, 43, 42, 41, 40, 39, 38, 37, 36, 35, 34, 33, 32, 31, 30, 29, 28, 27, 26, 25, 24, 23, 22, 21, 20, 19, 18, 17, 16, 15, 14, 13, 12, 11, 10, 9, 8, 7, 6, 5, 4, 3, 2, 1]
[133, 123, 122, 121, 119, 118, 117, 112, 108, 107, 106, 105, 104, 103, 102, 101, 100, 99, 98, 97, 96, 95, 94, 93, 92, 91, 81, 80, 54, 52, 50, 49, 34, 33, 26, 16, 3, 2, 1]
[133, 132, 131, 130, 129, 128, 127, 126, 125, 124, 123, 122, 121, 120, 119, 118, 117, 116, 115, 114, 113, 112, 111, 110, 109, 108, 107, 106, 105, 104, 103, 102, 101, 100, 99, 98, 97, 96, 95, 94, 93, 92, 91, 90, 89, 88, 87, 86, 85, 84, 83, 82, 81, 80, 79, 78, 77, 76, 75, 74, 73, 72, 71, 70, 69, 68, 67, 66, 65, 64, 63, 62, 61, 60, 59, 58]
[133, 103, 102, 101, 99, 98, 97, 96, 81, 73, 54, 50, 49, 34, 33, 16, 14, 11, 10, 9, 3, 2]
[134, 133, 129, 125, 121, 117, 113, 111, 109, 89, 87, 80, 77, 76, 75, 68, 67, 65, 53, 38, 37, 36, 29, 26, 19, 12, 9, 1]
[112, 111, 110, 105, 104, 103, 102, 101, 85, 84, 68, 58, 57, 56, 39, 8, 7, 6]
[134, 128, 124, 120, 111, 110, 107, 106, 105, 104, 100, 90, 88, 87, 86, 85, 84, 83, 82, 79, 76, 75, 74, 72, 71, 70, 69, 68, 67, 66, 65, 64, 63, 62, 61, 60, 59, 58, 57, 56, 53, 52, 51, 47, 46, 41, 40, 39, 36, 35, 30, 26, 24, 21, 20, 18, 17, 8, 7, 6, 5, 4, 3, 2]
[133, 132, 131, 130, 129, 127, 126, 125, 123, 122, 121, 119, 118, 117, 116, 115, 114, 113, 112, 109, 108, 103, 102, 101, 99, 98, 97, 96, 95, 94, 93, 92, 91, 89, 81, 80, 73, 54, 50, 49, 44, 43, 42, 34, 33, 31, 29, 28, 27, 25, 23, 22, 19, 16, 15, 14, 11, 10, 9, 1]
[132, 128, 124, 123, 122, 121, 120, 116, 112, 111, 109, 107, 106, 100, 99, 92, 91, 86, 85, 84, 83, 78, 77, 76, 75, 74, 73, 72, 71, 69, 68, 67, 66, 63, 62, 52, 44, 36, 35, 34, 33, 26, 11, 10, 9, 5, 4, 1]
[134, 133, 132, 131, 129, 128, 127, 125, 124, 123, 122, 121, 120, 119, 118, 117, 115, 114, 112, 111, 110, 109, 108, 107, 106, 105, 104, 103, 102, 101, 100, 99, 98, 97, 96, 94, 93, 92, 91, 90, 89, 88, 87, 86, 85, 84, 83, 82, 81, 80, 79, 78, 77, 76, 73, 72, 71, 70, 68, 67, 65, 64, 63, 62, 61, 60, 59, 46]
[41, 40, 39, 38, 37, 36, 35, 34, 33, 32, 31, 30, 29, 28, 27, 26, 25, 24, 23, 22, 21, 20, 19, 18, 17, 16, 14, 13, 12, 11, 10, 9, 8, 7, 6, 5, 4, 3, 2, 1]
[1, 13, 14, 19, 20, 23, 29, 31, 32, 34, 2, 3, 4, 7, 11, 12, 21, 22, 24, 25, 26, 27, 28, 30, 33]
[27]
[21]
[26]
[1, 14, 33, 25, 7, 2]
[14, 25]
[11]
[11, 25]
[13, 11, 7]
[24]
[23, 7, 24, 26, 4]
[14, 23, 26]
[20, 23, 7, 25, 24]
[1, 13, 14, 19, 20, 23, 29, 31, 32, 34, 2, 3, 4, 7, 11, 12, 21, 22, 24, 25, 26, 27, 28, 30, 33]
[3]
[13, 4]
[34]
[2]
[3]
[1, 13, 14, 19, 20, 23, 29, 31, 32, 34, 2, 3, 4, 7, 11, 12, 21, 22, 24, 25, 26, 27, 28, 30, 33]
[12]
[24]
[11, 7, 24, 4]
[23, 27, 3]
[1, 33, 26, 4, 2]
[3]
[29, 23, 31, 32, 34, 19, 1, 13, 14, 20]
[2]
[26]
[1, 13, 25, 26, 7, 4]
[14, 11]
[23, 26, 25, 7]
[1, 13, 14, 19, 20, 23, 29, 31, 32, 34, 2, 3, 4, 7, 11, 12, 21, 22, 24, 25, 26, 27, 28, 30, 33]
[7]
[34, 2, 4]
[2]
[3]
[3]
[34, 11, 22]
[4, 3, 2, 1]
[4, 3, 2, 1]
[4]
[3, 2]
[3, 2, 1]
[2, 1]
[4, 3, 2, 1]
[4, 1]
[3, 2, 1]
[72, 71, 70, 69, 68, 67, 66, 65, 62, 61, 60, 59, 56, 4, 2]
[65]
[59, 56, 4, 2]
[62, 61, 60, 59]
[72, 71, 70, 69, 68, 67, 66, 65, 62, 61, 60, 59, 56, 4, 2]
[]
[8, 7, 5, 4, 2, 1]
[2]
[5]
[7]
[7]
[2]
[134, 133, 132, 131, 130, 129, 128, 127, 126, 125, 124, 123, 122, 121, 120, 119, 118, 117, 116, 115, 114, 113, 112, 111, 110, 109, 108, 107, 106, 105, 104, 103, 102, 101, 100, 99, 98, 97, 96, 95, 94, 93, 92, 91, 90, 89, 88, 87, 86, 85, 84, 83, 82, 81, 80, 79, 78, 77, 76, 75, 74, 73, 72, 71, 70, 69, 68, 67, 66, 65, 64, 63, 62, 61, 60, 59, 58, 57, 56, 55, 54, 53, 52, 51, 50, 49, 48, 47, 46, 45, 44, 43, 42, 41, 40, 39, 38, 37, 36, 35, 34, 33, 32, 31, 30, 29, 28, 27, 26, 25, 24, 23, 22, 21, 20, 19, 18, 17, 16, 15, 14, 13, 12, 11, 10, 9, 8, 7, 6, 5, 4, 3, 2, 1]
[133, 123, 122, 121, 119, 118, 117, 112, 108, 107, 106, 105, 104, 103, 102, 101, 100, 99, 98, 97, 96, 95, 94, 93, 92, 91, 81, 80, 54, 52, 50, 49, 34, 33, 26, 16, 3, 2, 1]
[133, 132, 131, 130, 129, 128, 127, 126, 125, 124, 123, 122, 121, 120, 119, 118, 117, 116, 115, 114, 113, 112, 111, 110, 109, 108, 107, 106, 105, 104, 103, 102, 101, 100, 99, 98, 97, 96, 95, 94, 93, 92, 91, 90, 89, 88, 87, 86, 85, 84, 83, 82, 81, 80, 79, 78, 77, 76, 75, 74, 73, 72, 71, 70, 69, 68, 67, 66, 65, 64, 63, 62, 61, 60, 59, 58]
[134, 128, 124, 120, 111, 110, 107, 106, 105, 104, 100, 85, 84, 83, 79, 76, 75, 74, 72, 64, 59, 56, 53, 51, 47, 41, 40, 39, 36, 35, 30, 26, 24, 23, 22, 21, 18, 17, 16, 11, 10, 9, 8, 7, 6, 5, 4]
[132, 128, 124, 120, 116, 112, 108, 107, 105, 103, 102, 100, 97, 90, 88, 64, 58, 57, 56, 55, 54, 50, 45, 43, 30, 24, 23, 15, 13, 11, 8]
[112, 111, 110, 105, 104, 103, 102, 101, 85, 84, 68, 58, 57, 56, 39, 8, 7, 6]
[134, 128, 124, 120, 111, 110, 107, 106, 105, 104, 100, 90, 88, 87, 86, 85, 84, 83, 82, 79, 76, 75, 74, 72, 71, 70, 69, 68, 67, 66, 65, 64, 63, 62, 61, 60, 59, 58, 57, 56, 53, 52, 51, 47, 46, 41, 40, 39, 36, 35, 30, 26, 24, 21, 20, 18, 17, 8, 7, 6, 5, 4, 3, 2]
[133, 132, 131, 130, 129, 127, 126, 125, 123, 122, 121, 119, 118, 117, 116, 115, 114, 113, 112, 109, 108, 103, 102, 101, 99, 98, 97, 96, 95, 94, 93, 92, 91, 89, 81, 80, 73, 54, 50, 49, 44, 43, 42, 34, 33, 31, 29, 28, 27, 25, 23, 22, 19, 16, 15, 14, 11, 10, 9, 1]
[82, 79, 65, 51, 47, 46, 43, 42, 41, 39, 31, 29, 28, 27, 25, 18, 17, 16, 15, 14]
[134, 133, 132, 131, 130, 129, 128, 127, 126, 125, 124, 123, 122, 121, 120, 119, 118, 117, 116, 115, 114, 113, 112, 111, 110, 109, 108, 107, 106, 105, 104, 103, 102, 101, 100, 99, 98, 97, 96, 95, 94, 93, 92, 91, 90, 89, 88, 87, 86, 85, 84, 83, 82, 81, 80, 79, 78, 77, 76, 75, 74, 73, 72, 71, 70, 69, 68, 67, 66, 65, 64, 63, 62, 61, 60, 59, 58, 57, 56, 55, 54, 53, 52, 51, 50, 49, 48, 47, 46, 45, 44, 43, 42, 41, 40, 39, 38, 37, 36, 34, 33, 32, 31, 30, 29, 28, 27, 26, 24, 23, 22, 21, 20, 19, 18, 17, 16, 15, 13, 11, 8, 7, 5]
[132, 131, 130, 129, 128, 127, 126, 125, 124, 123, 122, 121, 120, 119, 118, 117, 116, 115, 114, 113, 112, 111, 110, 109, 108, 107, 106, 105, 104, 103, 102, 101, 100, 99, 98, 97, 95, 94, 93, 92, 91, 90, 89, 88, 87, 86, 85, 84, 83, 82, 81, 80, 79, 77, 76, 75, 74, 73, 72, 71, 70, 69, 68, 67, 66, 64, 63, 62, 61, 60, 59, 58, 57, 56, 55, 54, 53, 52, 51, 50, 49, 48, 47, 45, 44, 43, 42, 41, 40, 39, 38, 37, 36, 35, 34, 33, 32, 31, 30, 29, 28, 27, 26, 25, 24, 23, 22, 21, 20, 19, 18, 17, 16, 15, 14, 13, 12, 11, 10, 9, 8, 7, 6, 5, 4, 3, 2, 1]
[1, 13, 14, 19, 20, 23, 29, 31, 32, 34, 2, 3, 4, 7, 11, 12, 21, 22, 24, 25, 26, 27, 28, 30, 33]
[33]
[22]
[11, 7, 24, 4]
[11, 26, 4]
[1, 33, 26, 4, 2]
[11]
[29, 23, 31, 32, 34, 19, 1, 13, 14, 20]
[2]
[24]
[1, 13, 25, 26, 7, 4]
[23, 25]
[23, 26, 25, 7]
[1, 13, 14, 19, 20, 23, 29, 31, 32, 34, 2, 3, 4, 7, 11, 12, 21, 22, 24, 25, 26, 27, 28, 30, 33]
[11]
[34, 2, 4]
[4]
[3]
[29, 11, 22]
[3]
[4, 3, 2, 1]
[4, 3, 2, 1]
[4]
[1]
[3, 2, 1]
[2, 1]
[4, 3, 2, 1]
[4, 3, 2, 1]
[4, 1]
[72, 71, 70, 69, 68, 67, 66, 65, 62, 61, 60, 59, 56, 4, 2]
[66]
[68, 67, 66, 65]
[72, 71, 70, 69, 68, 67, 66, 65, 56, 4, 2]
[72, 71, 70, 69, 68, 67, 66, 65, 62, 61, 60, 59, 56, 4, 2]
[]
[8, 7, 5, 4, 2, 1]
[8, 7, 5, 4, 1]
[5]
[8]
[8]
[2]
[134, 133, 132, 131, 130, 129, 128, 127, 126, 125, 124, 123, 122, 121, 120, 119, 118, 117, 116, 115, 114, 113, 112, 111, 110, 109, 108, 107, 106, 105, 104, 103, 102, 101, 100, 99, 98, 97, 96, 95, 94, 93, 92, 91, 90, 89, 88, 87, 86, 85, 84, 83, 82, 81, 80, 79, 78, 77, 76, 75, 74, 73, 72, 71, 70, 69, 68, 67, 66, 65, 64, 63, 62, 61, 60, 59, 58, 57, 56, 55, 54, 53, 52, 51, 50, 49, 48, 47, 46, 45, 44, 43, 42, 41, 40, 39, 38, 37, 36, 35, 34, 33, 32, 31, 30, 29, 28, 27, 26, 25, 24, 23, 22, 21, 20, 19, 18, 17, 16, 15, 14, 13, 12, 11, 10, 9, 8, 7, 6, 5, 4, 3, 2, 1]
[134, 132, 131, 130, 129, 128, 116, 115, 114, 113, 109, 86, 83, 77, 76, 73, 72, 70, 69, 64, 48, 46, 43, 42, 40, 31, 29, 28, 27, 25, 24, 23, 22, 21, 20, 11, 10, 9]
[133, 132, 131, 130, 129, 128, 127, 126, 125, 124, 123, 122, 121, 120, 119, 118, 117, 116, 115, 114, 113, 112, 111, 110, 109, 108, 107, 106, 105, 104, 103, 102, 101, 100, 99, 98, 97, 96, 95, 94, 93, 92, 91, 90, 89, 88, 87, 86, 85, 84, 83, 82, 81, 80, 79, 78, 77, 76, 75, 74, 73, 72, 71, 70, 69, 68, 67, 66, 65, 64, 63, 62, 61, 60, 59, 58]
[123, 122, 121, 119, 118, 117, 115, 114, 113, 112, 90, 89, 81, 78, 77, 73, 69, 58, 57, 56, 54, 50, 49, 44, 43, 42, 34, 33, 26, 19, 16, 15, 14, 11, 10, 9, 8, 7, 6, 5, 4]
[130, 126, 122, 118, 114, 106, 104, 101, 98, 94, 92, 91, 85, 72, 66, 62, 48, 47, 42, 40, 32, 28, 27, 20, 18, 17, 14, 10, 7, 6, 5, 4, 3, 2]
[116, 115, 114, 113, 69, 38, 13, 12, 11, 10, 9]
[134, 128, 124, 120, 111, 110, 107, 106, 105, 104, 100, 90, 88, 87, 86, 85, 84, 83, 82, 79, 76, 75, 74, 72, 71, 70, 69, 68, 67, 66, 65, 64, 63, 62, 61, 60, 59, 58, 57, 56, 53, 52, 51, 47, 46, 41, 40, 39, 36, 35, 30, 26, 24, 21, 20, 18, 17, 8, 7, 6, 5, 4, 3, 2]
[134, 128, 124, 120, 111, 110, 107, 106, 105, 104, 100, 88, 87, 86, 85, 84, 83, 82, 79, 76, 75, 74, 71, 70, 69, 67, 66, 65, 64, 63, 62, 61, 60, 59, 58, 57, 56, 53, 52, 51, 47, 46, 41, 40, 39, 36, 35, 30, 26, 24, 21, 20, 18, 17, 8, 7, 6, 5, 4, 3, 2]
[82, 79, 65, 51, 47, 46, 43, 42, 41, 39, 31, 29, 28, 27, 25, 18, 17, 16, 15, 14]
[134, 133, 132, 131, 129, 128, 127, 125, 124, 123, 122, 121, 120, 119, 118, 117, 115, 114, 112, 111, 110, 109, 108, 107, 106, 105, 104, 103, 102, 101, 100, 99, 98, 97, 96, 94, 93, 92, 91, 90, 89, 88, 87, 86, 85, 84, 83, 82, 81, 80, 79, 78, 77, 76, 73, 72, 71, 70, 68, 67, 65, 64, 63, 62, 61, 60, 59, 46]
[35, 33, 32, 31, 29, 28, 27, 26, 25, 24, 23, 22, 21, 20, 19, 18, 17, 16, 14, 13, 12, 11, 10, 9, 8, 7, 6, 5, 4, 3, 2, 1]
[1, 13, 14, 19, 20, 23, 29, 31, 32, 34, 2, 3, 4, 7, 11, 12, 21, 22, 24, 25, 26, 27, 28, 30, 33]
[34]
[34]
[14, 25]
[1, 14, 33, 25, 7, 2]
[11, 24, 7]
[4]
[7, 24]
[32, 13, 11, 7]
[24]
[13, 25, 26]
[27]
[22, 7, 27]
[1, 13, 14, 19, 20, 23, 29, 31, 32, 34, 2, 3, 4, 7, 11, 12, 21, 22, 24, 25, 26, 27, 28, 30, 33]
[3]
[13]
[4]
[29, 30]
[29, 11, 22]
[29]
[4, 3, 2, 1]
[4, 3, 2, 1]
[3]
[1]
[4, 1]
[2, 1]
[4, 3, 2, 1]
[4, 3, 2, 1]
[4]
[72, 71, 70, 69, 68, 67, 66, 65, 62, 61, 60, 59, 56, 4, 2]
[59]
[59, 56, 4, 2]
[72, 71, 70, 69, 68, 67, 66, 65, 56, 4, 2]
[72, 71, 70, 69, 68, 67, 66, 65, 62, 61, 60, 59, 56, 4, 2]
[]
[8, 7, 5, 4, 2, 1]
[8, 7, 5, 4, 1]
[4]
[2]
[4]
[4]
[134, 133, 132, 131, 130, 129, 128, 127, 126, 125, 124, 123, 122, 121, 120, 119, 118, 117, 116, 115, 114, 113, 112, 111, 110, 109, 108, 107, 106, 105, 104, 103, 102, 101, 100, 99, 98, 97, 96, 95, 94, 93, 92, 91, 90, 89, 88, 87, 86, 85, 84, 83, 82, 81, 80, 79, 78, 77, 76, 75, 74, 73, 72, 71, 70, 69, 68, 67, 66, 65, 64, 63, 62, 61, 60, 59, 58, 57, 56, 55, 54, 53, 52, 51, 50, 49, 48, 47, 46, 45, 44, 43, 42, 41, 40, 39, 38, 37, 36, 35, 34, 33, 32, 31, 30, 29, 28, 27, 26, 25, 24, 23, 22, 21, 20, 19, 18, 17, 16, 15, 14, 13, 12, 11, 10, 9, 8, 7, 6, 5, 4, 3, 2, 1]
[124, 120, 111, 110, 85, 84, 82, 75, 74, 71, 68, 67, 66, 65, 58, 57, 56, 55, 53, 51, 47, 45, 44, 41, 39, 37, 36, 35, 32, 30, 19, 18, 17, 15, 14, 13, 12, 8, 7, 6, 5, 4]
[133, 132, 131, 130, 129, 128, 127, 126, 125, 124, 123, 122, 121, 120, 119, 118, 117, 116, 115, 114, 113, 112, 111, 110, 109, 108, 107, 106, 105, 104, 103, 102, 101, 100, 99, 98, 97, 96, 95, 94, 93, 92, 91, 90, 89, 88, 87, 86, 85, 84, 83, 82, 81, 80, 79, 78, 77, 76, 75, 74, 73, 72, 71, 70, 69, 68, 67, 66, 65, 64, 63, 62, 61, 60, 59, 58]
[133, 103, 102, 101, 99, 98, 97, 96, 81, 73, 54, 50, 49, 34, 33, 16, 14, 11, 10, 9, 3, 2]
[132, 128, 124, 120, 116, 112, 108, 107, 105, 103, 102, 100, 97, 90, 88, 64, 58, 57, 56, 55, 54, 50, 45, 43, 30, 24, 23, 15, 13, 11, 8]
[107, 106, 100, 99, 98, 97, 96, 75, 74, 67, 65, 52, 47, 36, 5, 4, 3, 2, 1]
[133, 132, 131, 130, 129, 127, 126, 125, 123, 122, 121, 119, 118, 117, 116, 115, 114, 113, 112, 109, 108, 103, 102, 101, 99, 98, 97, 96, 95, 94, 93, 92, 91]
[134, 128, 124, 120, 111, 110, 107, 106, 105, 104, 100, 88, 87, 86, 85, 84, 83, 82, 79, 76, 75, 74, 71, 70, 69, 67, 66, 65, 64, 63, 62, 61, 60, 59, 58, 57, 56, 53, 52, 51, 47, 46, 41, 40, 39, 36, 35, 30, 26, 24, 21, 20, 18, 17, 8, 7, 6, 5, 4, 3, 2]
[132, 128, 124, 123, 122, 121, 120, 116, 112, 111, 109, 107, 106, 100, 99, 92, 91, 86, 85, 84, 83, 78, 77, 76, 75, 74, 73, 72, 71, 69, 68, 67, 66, 63, 62, 52, 44, 36, 35, 34, 33, 26, 11, 10, 9, 5, 4, 1]
[134, 133, 132, 131, 129, 128, 127, 125, 124, 123, 122, 121, 120, 119, 118, 117, 115, 114, 112, 111, 110, 109, 108, 107, 106, 105, 104, 103, 102, 101, 100, 99, 98, 97, 96, 94, 93, 92, 91, 90, 89, 88, 87, 86, 85, 84, 83, 82, 81, 80, 79, 78, 77, 76, 73, 72, 71, 70, 68, 67, 65, 64, 63, 62, 61, 60, 59, 46]
[134, 133, 132, 131, 130, 129, 128, 127, 126, 125, 124, 123, 122, 121, 120, 119, 118, 117, 116, 115, 114, 113, 112, 111, 110, 109, 108, 107, 106, 105, 104, 103, 102, 101, 100, 99, 98, 97, 96, 95, 94, 93, 92, 91, 90, 89, 88, 87, 86, 85, 84, 83, 82, 81, 80, 79, 78, 77, 76, 75, 74, 73, 72, 71, 70, 69, 68, 67, 66, 65, 64, 63, 62, 61, 60, 59, 58, 57, 56, 55, 54, 53, 52, 51, 50, 49, 48, 47, 45, 44, 43, 42, 41, 40, 39, 38, 37, 36, 35, 34, 33, 32, 31, 30, 29, 28, 27, 26, 25, 24, 23, 22, 21, 20, 19, 18, 17, 16, 15, 14, 13, 12, 11, 10, 9, 8, 7, 6, 5, 4, 3, 2, 1]